1239.88000488 584.56207275
1219.97619629 583.62963867
1200.68945312 582.29595947
1180.60314941 580.78417969
1159.72778320 579.53662109
1137.68188477 578.29516602
1115.49694824 576.75415039
1092.60815430 575.27795410
1068.57373047 573.98168945
1231.34252930 556.35498047
1212.01037598 554.54766846
1192.36486816 553.23999023
1172.91687012 551.50885010
1151.30371094 549.34564209
1129.81103516 547.85931396
1107.52893066 546.11071777
1084.13647461 545.16516113
1060.09680176 541.68182373
1223.78210449 528.43743896
1204.31591797 527.14044189
1185.07653809 525.37890625
1164.18041992 522.63842773
1142.94567871 520.52026367
1121.71594238 517.60876465
1098.55078125 515.98602295
1075.60192871 513.75390625
1052.27453613 511.29672241
1215.36999512 501.30621338
1195.64453125 499.03533936
1177.06005859 495.42120361
1156.07141113 493.71426392
1135.69116211 491.47476196
1113.56726074 489.02996826
1090.99487305 486.30435181
1068.72094727 483.34689331
1043.64453125 481.27395630
1207.40161133 473.04458618
1188.57312012 471.31854248
1169.05578613 468.75772095
1148.30529785 465.02172852
1127.75964355 463.06048584
1105.37145996 459.59283447
1083.70056152 457.07424927
1059.65039062 453.14855957
1035.78039551 451.02560425
1200.75708008 447.22125244
1181.44042969 443.24749756
1161.83508301 440.57937622
1141.68579102 437.86624146
1119.84204102 434.54577637
1098.31164551 430.96093750
1076.53820801 427.00570679
1051.97277832 423.67309570
1029.63293457 420.38537598
