1404.59985352 551.63891602
1382.11779785 551.74719238
1359.82629395 551.50457764
1335.60571289 550.70178223
1311.56311035 550.36145020
1286.32226562 549.41223145
1260.79077148 549.02447510
1235.40185547 549.26568604
1208.48876953 548.66888428
1396.91296387 522.68682861
1373.53466797 522.21746826
1350.55590820 521.57379150
1327.44311523 520.52868652
1303.94055176 519.73657227
1278.76306152 519.22723389
1253.34289551 518.45648193
1226.48645020 517.99322510
1200.85583496 516.66229248
1388.86352539 494.05322266
1365.68554688 493.42098999
1343.25061035 492.08023071
1319.60083008 491.66696167
1294.95898438 491.18432617
1270.84692383 489.10949707
1244.52087402 488.43563843
1219.42346191 487.62863159
1193.16882324 486.25372314
1380.40136719 466.60778809
1357.49755859 464.61920166
1335.49951172 463.25122070
1311.72351074 462.68954468
1288.01892090 460.74078369
1262.40319824 459.31268311
1237.50439453 458.66946411
1212.84020996 457.17880249
1184.61926270 455.66506958
1373.69128418 438.45727539
1350.59191895 436.89682007
1327.43237305 435.12765503
1304.18322754 433.72833252
1279.75329590 431.90759277
1255.57092285 430.51135254
1230.21655273 429.22921753
1204.49475098 427.01504517
1176.98815918 425.85522461
1365.45715332 410.41320801
1343.53405762 408.45834351
1321.05407715 407.25378418
1296.32409668 405.00625610
1273.44177246 403.56140137
1247.94616699 400.28485107
1223.71301270 399.04449463
1197.23559570 397.82269287
1171.10925293 395.39758301
