1187.22375488 604.92755127
1153.29382324 603.48797607
1119.57397461 601.00427246
1084.63403320 598.53228760
1048.11828613 595.81176758
1009.74554443 593.61346436
971.31359863 591.31835938
931.23419189 588.32519531
889.16741943 585.54302979
1178.52575684 565.74774170
1145.33264160 563.51818848
1111.53784180 560.74896240
1077.97656250 557.47100830
1041.25512695 554.71136475
1002.99542236 551.56884766
964.21112061 548.28411865
924.09588623 545.71301270
883.58032227 541.99963379
1170.95263672 527.96673584
1138.20227051 525.19213867
1104.63415527 521.18225098
1069.87878418 519.26898193
1033.50207520 515.08282471
996.23980713 510.79333496
957.57128906 507.61029053
917.94958496 503.66625977
877.18444824 499.83685303
1163.18530273 491.34573364
1130.29882812 487.35894775
1097.51928711 483.29486084
1062.68554688 479.70205688
1027.47399902 475.08224487
989.24273682 471.30435181
951.31304932 467.00671387
911.93347168 462.20864868
871.10266113 458.62768555
1155.29492188 453.97052002
1123.63940430 450.42825317
1089.60949707 445.86386108
1055.51586914 441.47827148
1020.03942871 437.22140503
983.48632812 432.35726929
945.41485596 427.52896118
906.46447754 422.57504272
865.61102295 417.58666992
1149.02111816 418.53942871
1117.40759277 413.63079834
1083.67736816 408.69998169
1049.54541016 404.52899170
1013.97155762 399.31057739
978.06365967 393.51907349
940.04266357 387.92547607
901.23211670 383.34301758
861.36553955 377.38320923
