112.06314850 132.37010193
207.39424133 136.48754883
295.63558960 140.83584595
378.11026001 145.02964783
455.56045532 148.64865112
530.25842285 151.00877380
599.29077148 153.66648865
663.60870361 158.24148560
725.97491455 159.96783447
125.25875092 207.64143372
219.98835754 209.75257874
308.74169922 211.26155090
392.24786377 212.26524353
470.08212280 213.56172180
544.48889160 215.45300293
613.37988281 216.59104919
678.84570312 217.46984863
739.98358154 220.22029114
137.35125732 285.49978638
233.16760254 283.84490967
322.76123047 281.46743774
406.92141724 281.33557129
485.54406738 280.57913208
559.73742676 279.98614502
628.98803711 279.53604126
695.33502197 277.83789062
756.58642578 279.15405273
150.62089539 362.76153564
246.57632446 358.70077515
337.03967285 354.53085327
421.59298706 352.42166138
500.30697632 349.20999146
576.06738281 345.27178955
645.32379150 343.56002808
710.45147705 340.81549072
773.84051514 337.55599976
162.68637085 442.73815918
260.44326782 436.29830933
351.79486084 429.84683228
437.50885010 423.41519165
516.79541016 417.51113892
592.10247803 412.75442505
662.03869629 407.83175659
727.47210693 403.77969360
791.00354004 398.57641602
176.90087891 526.33746338
274.74264526 516.57562256
367.29919434 506.53036499
453.69674683 497.46496582
533.56616211 489.40960693
609.25140381 482.17999268
679.56146240 474.84631348
745.59625244 468.25112915
809.09503174 461.66256714
