583.30426025 569.40277100
550.76464844 581.26110840
518.41699219 593.58648682
485.61303711 606.90643311
449.27740479 620.26690674
411.81781006 635.52349854
373.47064209 649.41101074
332.46487427 665.09606934
288.98379517 681.95654297
570.50000000 532.00000000
539.00000000 543.50000000
505.67938232 555.68365479
470.60134888 567.08813477
435.68585205 581.05914307
397.65621948 595.86114502
357.41146851 608.51000977
315.74209595 623.98608398
271.88986206 639.97607422
558.68621826 495.57348633
526.50000000 506.50000000
492.23867798 517.30114746
457.15026855 529.88366699
420.16488647 542.52783203
381.82043457 554.51354980
340.06335449 568.49743652
298.36291504 582.29052734
253.49191284 596.93182373
545.54309082 459.45941162
511.70468140 468.91888428
480.23306274 478.54620361
441.10153198 490.00689697
404.61041260 502.60949707
365.91317749 513.76794434
323.61352539 525.53222656
282.20748901 539.36602783
236.67811584 553.52697754
532.32684326 422.25982666
500.75393677 430.27566528
464.49444580 440.89187622
427.29119873 451.35263062
389.15158081 461.51049805
348.77368164 474.26736450
307.50000000 484.00000000
263.89471436 496.51165771
216.44042969 507.79324341
519.01062012 383.32376099
486.69415283 392.66772461
450.15927124 400.66882324
413.73007202 412.37481689
374.13751221 420.98410034
333.50000000 430.50000000
291.40505981 441.64620972
246.82606506 454.41720581
199.46339417 464.49731445
