698.10272217 564.22076416
665.30981445 576.42541504
632.00000000 588.00000000
597.51751709 599.94573975
561.29724121 614.34008789
524.05541992 627.33892822
485.78732300 640.25927734
445.28591919 653.68334961
405.79544067 669.30981445
686.52886963 527.86785889
653.89544678 539.23571777
620.66101074 550.55218506
584.48431396 561.76031494
548.51367188 574.78393555
510.13247681 587.51239014
471.61013794 599.66503906
430.09533691 614.56945801
389.89599609 627.35986328
676.10717773 492.27438354
641.62127686 501.65188599
607.75402832 513.18695068
571.80645752 523.69433594
535.59204102 535.28155518
497.22229004 547.22631836
457.09777832 559.20178223
415.56744385 572.62805176
373.76119995 586.28576660
663.30566406 455.74618530
629.10266113 465.20907593
595.76226807 475.44976807
558.74230957 485.65731812
521.93603516 496.35952759
483.64788818 507.49105835
443.73635864 518.54034424
401.78503418 531.10003662
356.50000000 544.00000000
651.00000000 418.50000000
617.64331055 427.43179321
581.77563477 437.35232544
545.47198486 445.20199585
509.00000000 456.50000000
469.33724976 467.75213623
429.65188599 477.53875732
386.26113892 488.69284058
341.43426514 501.41098022
639.63592529 380.56466675
604.89526367 389.49728394
569.17089844 396.84429932
533.04016113 407.66860962
495.58755493 416.60018921
454.91091919 426.69711304
413.89022827 436.40399170
372.22009277 447.33181763
325.50000000 458.00000000
