736.44750977 523.75573730
697.70495605 536.62768555
659.37451172 552.68450928
619.65124512 568.13739014
578.00000000 584.00000000
534.50000000 601.00000000
490.23162842 617.46197510
445.50000000 634.50000000
398.06234741 652.21984863
721.19097900 483.25720215
683.82757568 497.04702759
644.91668701 510.93835449
603.65527344 524.79223633
561.95281982 541.20452881
516.52319336 558.02880859
472.95382690 573.79913330
428.49072266 590.02117920
381.28945923 607.59558105
707.59576416 441.67788696
669.78704834 456.88284302
628.96081543 471.58905029
587.96374512 485.11657715
545.00000000 499.50000000
501.32592773 514.55651855
455.79653931 529.74548340
407.04833984 546.37036133
362.24829102 563.24694824
692.98657227 402.23513794
653.67321777 414.87475586
614.05596924 428.67575073
571.42657471 441.82312012
528.92205811 457.01779175
483.60293579 470.88092041
436.83300781 484.53497314
391.13995361 500.79760742
340.88208008 517.69836426
678.74151611 362.70492554
638.41748047 373.33499146
597.16473389 386.93029785
555.95837402 399.84942627
512.38024902 413.04373169
465.32666016 427.49978638
420.49270630 441.20834351
372.00000000 456.50000000
322.77047729 472.24356079
663.14141846 319.48449707
623.35137939 331.23913574
582.79840088 343.46249390
539.17163086 358.09283447
495.34963989 369.90765381
449.45144653 384.07022095
402.00000000 397.00000000
352.82952881 411.53247070
303.73034668 426.67092896
