270.23886108 465.05065918
335.81994629 464.33358765
398.32730103 463.66574097
457.67520142 462.96121216
514.67303467 462.51864624
569.51971436 461.40512085
623.06616211 460.53482056
671.93853760 460.35076904
721.00976562 459.57989502
274.06970215 525.15747070
340.03533936 522.70507812
402.43685913 520.34991455
462.85720825 518.38159180
519.79486084 516.08331299
575.24096680 514.12561035
628.07000732 512.23980713
677.93780518 510.54852295
725.84197998 509.54199219
278.31967163 584.99035645
344.81100464 581.59655762
408.37689209 577.36822510
467.82452393 574.03845215
525.09320068 571.17138672
581.18933105 567.82592773
633.37573242 564.56677246
683.92291260 561.48699951
732.18475342 559.61138916
283.54244995 646.57702637
348.81793213 640.29272461
413.34237671 636.38519287
472.55072021 631.18670654
531.06207275 626.73876953
586.86437988 621.05908203
638.40765381 616.66723633
689.42578125 613.54998779
738.60290527 609.01751709
286.49078369 707.17132568
354.23233032 700.82818604
417.48406982 692.94201660
478.60656738 687.11395264
536.08691406 682.00878906
592.47943115 675.84942627
645.19885254 671.19812012
696.06524658 665.63232422
745.45574951 660.05749512
289.92684937 769.25976562
358.12942505 761.50592041
422.73712158 753.04046631
484.00073242 745.04461670
542.24615479 738.43750000
599.38861084 730.75793457
651.74816895 724.60711670
703.39428711 717.64117432
752.17260742 711.98406982
