857.50000000 725.50000000
818.46429443 733.21264648
780.45141602 742.91894531
739.54711914 751.57019043
695.93103027 761.91693115
651.13238525 771.66210938
602.04510498 780.26135254
553.11645508 790.72576904
500.96145630 803.65539551
854.70507812 679.14575195
815.80590820 684.47674561
776.25256348 694.45098877
737.06805420 701.75726318
691.80529785 710.91778564
646.00000000 718.50000000
598.49566650 727.43615723
545.97741699 736.87738037
494.05160522 747.26684570
850.00000000 633.50000000
813.00000000 640.00000000
774.46942139 645.83898926
731.26733398 652.33355713
687.59582520 659.67968750
641.76397705 667.46002197
593.50207520 673.97644043
540.94604492 682.08300781
488.17944336 689.65313721
847.37573242 587.41326904
808.44592285 592.53295898
768.80371094 598.21453857
725.72387695 603.82806396
683.23590088 609.83941650
636.21600342 615.07305908
587.64935303 620.99633789
536.16027832 628.86767578
481.00000000 635.50000000
843.05010986 540.76245117
805.27044678 544.70593262
764.36291504 547.99847412
722.08953857 553.47607422
677.87139893 556.86920166
631.00000000 563.00000000
581.66461182 568.67510986
530.50000000 573.00000000
474.80899048 577.66418457
841.87854004 494.45501709
801.86950684 496.85290527
760.96118164 499.94793701
717.42645264 503.28500366
674.30297852 506.66149902
626.49389648 510.41180420
578.61169434 513.49853516
525.09436035 519.12042236
471.89456177 522.29760742
