844.15258789 846.69158936
802.14270020 851.62939453
757.81567383 857.10437012
711.53350830 863.56585693
664.05371094 869.27557373
610.57061768 874.94116211
554.67803955 882.88104248
498.73953247 891.77093506
438.50000000 898.50000000
844.52087402 795.76000977
801.89306641 799.32513428
758.44335938 804.12243652
711.18786621 809.00341797
662.22070312 815.82904053
610.69909668 816.01989746
554.61108398 824.70239258
499.85418701 829.40222168
436.06359863 837.43518066
843.50000000 745.50000000
801.00000000 748.00000000
757.00457764 751.58251953
710.20324707 754.84075928
660.28265381 760.11132812
608.62609863 762.79083252
554.73968506 767.36688232
497.48599243 770.20355225
436.45019531 774.47076416
842.95074463 695.22717285
799.76428223 697.29522705
755.77746582 698.54229736
708.42456055 700.92626953
659.87451172 703.42395020
607.45977783 705.08740234
553.52795410 707.45684814
497.78134155 709.62023926
436.25949097 712.13293457
841.47351074 646.05822754
798.85534668 645.97033691
754.77868652 646.53289795
709.14794922 646.97839355
658.61230469 648.81402588
607.09906006 649.21337891
553.50000000 649.50000000
495.97940063 652.56463623
434.88305664 652.83514404
841.26263428 596.39996338
798.77886963 594.93603516
754.00000000 594.50000000
707.19836426 595.17523193
657.90985107 595.25128174
606.55041504 593.06494141
553.63476562 592.84674072
496.97073364 592.30969238
436.73083496 592.09216309
