948.53118896 980.68597412
904.29058838 981.55755615
857.10400391 980.36828613
810.81304932 981.61846924
760.28332520 980.60607910
707.27764893 980.22808838
652.44622803 980.85571289
597.32232666 979.95062256
537.00000000 980.00000000
952.00000000 928.50000000
907.10815430 927.63134766
861.24035645 925.74218750
814.50750732 925.22155762
762.82586670 923.46246338
712.00000000 922.00000000
658.69958496 919.67156982
602.84539795 918.80352783
545.10876465 916.96582031
954.57159424 877.00866699
911.79882812 875.14941406
866.03948975 871.52813721
817.49530029 871.04797363
767.94439697 868.08233643
717.18457031 865.46343994
663.30889893 862.34722900
609.09826660 859.87841797
550.89428711 855.45416260
956.14202881 825.58471680
913.40625000 822.22009277
869.03314209 819.58392334
821.49841309 815.37841797
773.38183594 812.76629639
721.11108398 809.57934570
668.37713623 804.57159424
614.70068359 801.25256348
557.53564453 797.11407471
959.57330322 775.21368408
916.24664307 770.79656982
871.53546143 766.62664795
824.58599854 762.80993652
775.82336426 758.01904297
725.05340576 753.62951660
673.00000000 748.00000000
620.05908203 743.63305664
561.73736572 738.59014893
962.64276123 727.39123535
919.71752930 720.81939697
875.06738281 716.03948975
829.45605469 711.58294678
781.49273682 704.59057617
731.78515625 699.34570312
679.33050537 693.22827148
624.99353027 688.09594727
569.66815186 682.01232910
