815.73297119 455.73645020
909.79309082 453.99536133
1002.39538574 453.33026123
1093.25012207 450.61633301
1185.46313477 449.36065674
1276.06188965 449.73818970
1363.50000000 447.00000000
1448.81481934 447.30346680
1535.97180176 444.86654663
817.42565918 548.21075439
911.83721924 547.92352295
1004.50000000 546.00000000
1097.00427246 543.50640869
1186.92846680 542.37304688
1275.58190918 539.66833496
1364.29003906 538.42877197
1450.00000000 536.00000000
1533.61145020 534.99884033
819.64593506 644.52423096
913.22943115 641.35021973
1006.68182373 638.85296631
1097.57250977 637.49682617
1189.38024902 633.15875244
1277.75146484 631.42022705
1365.40454102 627.63342285
1452.40795898 624.33111572
1537.19873047 623.35253906
819.78082275 738.79388428
915.46099854 735.88519287
1009.00000000 733.50000000
1099.50000000 729.50000000
1190.74389648 726.86364746
1279.08850098 723.47796631
1367.27172852 719.62463379
1453.55651855 716.30145264
1542.00000000 713.50000000
823.74975586 831.69854736
917.37872314 828.46612549
1010.50000000 825.50000000
1102.13562012 822.49987793
1192.50000000 818.50000000
1283.94555664 814.48651123
1371.37597656 812.04602051
1454.91076660 805.59796143
1543.17028809 805.10723877
826.57995605 925.76190186
919.50000000 922.00000000
1012.22320557 917.77239990
1104.50000000 914.50000000
1194.62634277 909.32800293
1284.13476562 906.90734863
1371.40270996 901.87072754
1458.80444336 897.50488281
1546.00000000 893.50000000
