0.00000000 0.00000000 0.00000000
23.00000000 0.00000000 0.00000000
46.00000000 0.00000000 0.00000000
69.00000000 0.00000000 0.00000000
92.00000000 0.00000000 0.00000000
115.00000000 0.00000000 0.00000000
138.00000000 0.00000000 0.00000000
161.00000000 0.00000000 0.00000000
184.00000000 0.00000000 0.00000000
0.00000000 23.00000000 0.00000000
23.00000000 23.00000000 0.00000000
46.00000000 23.00000000 0.00000000
69.00000000 23.00000000 0.00000000
92.00000000 23.00000000 0.00000000
115.00000000 23.00000000 0.00000000
138.00000000 23.00000000 0.00000000
161.00000000 23.00000000 0.00000000
184.00000000 23.00000000 0.00000000
0.00000000 46.00000000 0.00000000
23.00000000 46.00000000 0.00000000
46.00000000 46.00000000 0.00000000
69.00000000 46.00000000 0.00000000
92.00000000 46.00000000 0.00000000
115.00000000 46.00000000 0.00000000
138.00000000 46.00000000 0.00000000
161.00000000 46.00000000 0.00000000
184.00000000 46.00000000 0.00000000
0.00000000 69.00000000 0.00000000
23.00000000 69.00000000 0.00000000
46.00000000 69.00000000 0.00000000
69.00000000 69.00000000 0.00000000
92.00000000 69.00000000 0.00000000
115.00000000 69.00000000 0.00000000
138.00000000 69.00000000 0.00000000
161.00000000 69.00000000 0.00000000
184.00000000 69.00000000 0.00000000
0.00000000 92.00000000 0.00000000
23.00000000 92.00000000 0.00000000
46.00000000 92.00000000 0.00000000
69.00000000 92.00000000 0.00000000
92.00000000 92.00000000 0.00000000
115.00000000 92.00000000 0.00000000
138.00000000 92.00000000 0.00000000
161.00000000 92.00000000 0.00000000
184.00000000 92.00000000 0.00000000
0.00000000 115.00000000 0.00000000
23.00000000 115.00000000 0.00000000
46.00000000 115.00000000 0.00000000
69.00000000 115.00000000 0.00000000
92.00000000 115.00000000 0.00000000
115.00000000 115.00000000 0.00000000
138.00000000 115.00000000 0.00000000
161.00000000 115.00000000 0.00000000
184.00000000 115.00000000 0.00000000
